29308
15461
15748
19353
16759
4536
18905
29544
21849
25196
11103
7930
13613
16955
15442
25039
25196
23787
23147
12709
32014
17712
27151
14894
11083
21913
16201
27500
10356
28892
9417
12789
1677
17351
18626
29618
22881
29204
3550
2261
4169
14560
7223
192
24948
6178
27926
28329
15492
11735
15018
5345
21910
8451
21559
6841
29910
8535
5001
9309
32028
26611
1130
21988
7240
18660
28934
16700
32506
21124
24203
12747
16910
18782
29380
22842
31935
5460
18934
25156
32288
8374
9895
22396
17806
5057
5758
14947
25355
30690
11558
8528
8241
7251
15065
32264
30895
23361
14930
669
5083
