10371
29025
21005
23964
27340
8095
7310
21892
1262
23657
6766
18388
27788
28136
9527
15969
26135
635
27059
31708
11905
11523
11309
17060
23724
12047
11581
5320
3444
28925
9159
31098
23711
26246
7536
9660
170
6423
21922
13075
22192
17961
27168
26024
9675
28744
3688
22330
12403
432
23083
26526
21302
11723
29560
25367
9496
29967
24519
4186
7024
5812
14411
20740
27381
1391
29011
9925
30412
31136
118
21947
8212
9853
32127
23164
15779
17945
9075
23519
5175
12014
5656
3146
1074
3209
2199
7640
4061
12747
5035
19149
27413
14551
21460
1394
4254
8458
15925
12003
28010
19299
28249
8460
19046
5210
17380
15216
29740
2084
4783
17173
10070
6301
11102
24542
30455
21264
29128
867
32672
1842
8710
24647
4215
1971
5092
4280
13073
24448
31829
14467
11580
27721
13990
864
14111
25164
28199
30418
25102
12419
5750
11715
7318
31555
1000
8343
20951
7800
2644
17455
28882
31980
7146
14891
31073
26890
16397
16158
30153
5510
8442
12266
12062
30821
12009
19498
29974
31246
14053
12258
11105
8581
12048
31397
2859
23867
25507
6683
30322
28216
22205
15180
487
6904
16354
11839
25756
21554
15797
17760
20744
26955
25457
8316
19954
19782
27562
658
19535
25467
22150
5649
25276
25571
31361
16091
23289
8572
27395
13825
15439
9646
24954
19007
31572
29402
24758
27652
3537
21800
20333
9161
7086
17466
28872
3520
25208
18444
12386
12150
32679
17786
29606
20040
23503
130
2109
32429
5335
26956
12283
13058
20761
25134
30209
19553
1312
14283
10415
12554
8114
25830
28322
31889
14645
159
155
19721
11271
12305
25475
14717
23721
29414
4483
27431
22460
11259
1684
24476
9152
8987
19729
20762
3463
9795
4187
29949
6839
7993
29805
11999
19175
5130
11176
18171
6995
28534
25555
13498
21859
28264
2540
27979
22308
13715
22233
26597
9588
6741
28962
1473
24066
23486
12953
29178
3770
26947
23100
8101
8175
9125
18736
1926
1148
10710
20472
13557
25444
24663
32208
5738
15643
23796
18019
5859
14508
11392
16017
23795
27520
22153
21663
7594
8085
3011
26579
1060
27960
2888
25813
2634
4654
17916
21409
3195
3348
22211
17169
13712
2402
548
12262
22535
23762
28146
24330
17259
21776
18790
22559
31661
7195
13226
3531
5889
26858
4512
10972
25671
32733
8851
29495
14296
20158
16451
6632
32286
27322
28977
29801
7967
19413
20054
7769
27904
19428
5631
16576
1131
12930
688
1215
17902
12239
32366
31669
15092
689
26509
23716
15061
8988
6579
24518
29177
6534
22622
13628
30595
22260
12040
20773
31460
14134
28383
5987
26696
26765
758
9581
14113
863
2772
7184
1247
2905
1997
24755
7828
12801
5592
10507
20862
26803
32751
24114
14250
14016
814
20439
21146
7387
1913
7388
21793
1140
6214
19432
10023
10130
6702
29557
8582
9676
11238
14826
25447
15810
4015
27573
20408
19820
132
7049
16934
27386
32314
8940
27639
25942
31517
19321
7601
28984
9920
15616
21588
30332
23806
21065
28452
19128
2832
20889
17722
30660
5738
2622
29328
22598
7155
6103
22773
26163
12129
18509
21111
11243
28359
32155
22708
9720
16549
7972
6971
28118
5432
9558
21702
11938
6045
32058
28480
217
22385
23132
2107
27330
2695
22099
27796
6056
14217
14460
27230
25074
29334
26874
13528
849
17603
31589
16777
2688
25525
4927
15761
4187
19854
20261
3514
17140
19077
29939
12660
28445
2930
27253
15140
16798
31260
27514
16570
606
2352
21784
13490
20786
23880
17862
29724
1394
7334
25031
26041
27430
10609
27881
25357
2153
18759
31172
20425
20190
4570
6734
3712
5374
15372
20713
12909
12797
3309
13620
10500
23196
25202
13664
19013
363
14710
31353
9435
19814
30622
22937
27610
28773
2534
26971
26341
430
28625
7595
18569
7377
6590
6262
27694
30170
30298
12817
3271
28104
27354
10466
4410
31167
32183
1070
32406
23294
741
4310
4401
14440
16996
27531
3961
29325
3972
17022
28091
12253
3702
2405
20827
14403
20519
21966
20675
18821
16954
3794
10413
5741
27424
13712
8573
6898
16551
6090
23042
22081
25464
1586
18808
2902
29456
22360
24205
10234
18189
11648
22521
12424
15258
6821
31586
2683
14584
17355
30443
32415
5032
7775
862
20761
31444
477
32730
24596
18857
4973
25387
22196
27475
5864
29206
4212
13576
17950
28344
922
32528
5512
7896
5788
29085
3902
27541
9309
24295
18126
8755
32558
22624
9604
11360
22998
5488
27845
16
13997
13696
3943
28441
21206
26451
1416
14605
8969
17392
32701
29140
7597
2397
21984
5189
27449
4757
30690
14703
23028
16593
780
12539
24183
32509
21874
23113
31571
6278
17018
30618
15079
5720
31016
14900
22943
3057
11844
8490
2381
24297
4885
31097
1627
22526
25849
18219
26872
31575
16908
10540
13954
11101
10312
9573
12335
25200
12149
19946
22663
3253
20726
26998
22294
9803
11680
3155
10497
16276
12308
6689
8577
18079
32182
15504
7240
23947
21824
2260
17141
5702
26254
8547
32475
31061
17215
31978
8602
11410
10370
30565
9324
21996
255
5916
18447
1481
22346
26169
21382
16816
16921
6830
14576
15205
6718
5206
13685
14544
32245
2770
1046
27356
15467
20493
7739
19583
12880
21006
9857
5948
28453
29489
15602
19783
30260
26136
18486
25447
12691
20416
22306
14326
5087
15084
4999
17099
19381
3949
29084
24262
8293
18513
16258
2543
23200
22702
4661
28089
9706
18688
22508
24920
6368
20725
11286
29040
12566
22855
18963
18574
8561
1634
14108
12019
29932
13718
18030
4130
11477
1769
14117
29034
27222
21125
18518
5704
23098
13208
23435
14550
891
10398
10360
4640
31302
5986
24099
19729
8272
2748
18485
13360
20209
22197
4066
17006
31192
3488
7270
8006
23305
16944
7724
27877
25093
24829
4487
26008
28488
5339
21858
16082
20904
10952
13880
12336
15082
1680
5963
19286
5479
17884
29442
12121
3812
9909
25125
6985
590
27969
1398
14491
26464
29534
16720
28215
30377
26395
21759
17537
10686
6708
25687
13816
27626
2656
10889
3859
23642
15638
5144
19263
18837
22765
19153
165
447
16002
20006
17911
30696
9140
14746
17952
24698
30579
16733
21056
5157
10027
2819
9204
758
8866
23047
13065
12060
28318
19001
30417
12653
28740
10325
6123
1239
19309
8180
25131
6401
18724
31862
15234
21911
22048
30245
5195
47
3676
19256
20863
2083
25783
12665
10967
6436
5998
30502
3244
7404
21500
29628
15409
18295
3180
8933
27121
21233
25602
28460
27465
13850
31374
4210
26353
1496
22102
25942
8315
2643
2166
32541
1752
28612
15402
8469
5300
20401
28812
10939
30304
6940
23373
9260
23536
7538
22354
31849
28269
16227
3694
331
7908
17537
873
5712
1883
3003
18687
1497
8655
23498
26317
10583
7110
5217
11397
28248
32177
2836
27026
30560
32030
31525
21984
9655
14311
8396
28508
1880
21562
24292
25362
21308
15732
9742
25698
4453
72
5653
23544
10806
16921
31939
30712
18202
5249
17451
32197
13413
341
7146
16184
5302
19093
471
23118
29898
12029
3065
12674
2939
18286
8645
10561
7448
16617
5808
10134
5019
14535
12657
30227
26059
11423
1285
18920
22946
17959
24152
30540
13692
1584
16436
21276
3345
32199
14387
10016
14900
20746
26688
26996
20561
8436
8560
32005
2568
15711
12101
5769
5167
14649
22302
11461
25920
22139
11971
14502
14882
17092
4158
27556
25164
1355
10474
16168
24196
18543
3138
29718
1936
3218
23784
5042
7760
17997
3731
25943
17063
3201
9006
15283
26525
292
8388
22665
10510
28398
29562
21794
26695
17551
12995
13618
31656
27216
24801
3092
4727
22478
9305
1960
22489
4248
4358
21560
20563
3447
14236
4759
1988
27086
930
1602
25684
27319
20156
9660
31864
27588
7089
13332
18976
13858
32585
13901
3903
4001
17690
14528
20300
11910
687
17822
18385
4867
22643
3481
17317
14991
15400
5946
27922
16626
21584
20840
9643
8553
3375
8726
27026
11753
7766
11068
9530
15703
15730
4257
28536
18259
21818
22181
6691
8156
13531
15774
468
5000
1735
13221
9035
5858
32407
30089
8121
21305
17308
21017
2008
10955
10499
17448
24385
25903
10272
20701
4444
19427
18740
7000
19573
21346
22376
9265
8100
21002
5346
6984
11201
3939
16333
17350
8227
1526
29571
20591
13004
8979
15336
15731
24614
6846
24645
28005
6798
31636
19775
501
11495
54
5374
26384
19716
18851
29816
1986
2792
10557
26251
13047
8538
12859
23307
14383
13569
26988
28560
24470
8018
30927
31132
2952
15395
9272
3124
19251
16372
11637
6473
12501
29912
6586
5903
4301
13842
32236
18968
2281
2386
9759
28278
11069
25455
19046
9952
30381
3866
8711
32616
4563
15503
28628
24296
22277
15380
32013
28184
6435
20939
6981
31150
20338
28652
5744
6907
31339
15948
1004
2105
30746
1843
20410
16583
27637
22255
32662
1595
18821
18169
15511
4306
23533
20344
2164
6752
11482
22635
22789
3917
6162
23655
29020
30431
11069
15593
5376
24427
2546
692
31829
27774
23517
14763
10605
25741
126
28378
15462
30785
1499
30091
5623
10432
4443
1106
21098
17204
2967
9593
14993
15152
27220
12615
20885
6823
24760
25783
22985
9297
32734
26402
31186
26139
8331
16170
3678
18929
9779
29243
15963
31943
29187
12694
8146
19841
22447
20390
11358
27899
28731
16667
22977
11168
21493
3644
12819
8579
8948
18251
3423
2828
26920
22817
2528
4140
18519
18876
28846
18325
11859
31708
14021
21952
27677
27620
19217
32765
16992
15569
32105
1108
18191
21415
612
1817
11204
27889
21586
23388
7587
29961
11600
3598
15577
27057
599
18564
29978
5466
25861
17589
24957
23119
4907
32357
10280
1138
6246
1882
26140
17600
17440
6547
3629
18741
16887
25352
16496
701
1902
25582
11535
14240
4177
18253
9037
18279
24133
3593
5013
14221
14765
6063
3198
14314
26766
29477
834
28517
4154
29249
15987
4628
1262
11527
19682
6063
5093
16419
24254
10618
5745
32069
25772
23032
16001
17096
3895
27485
14239
22051
7763
32293
17502
7000
20217
30894
257
31235
843
14662
9574
27605
1805
4393
15472
25690
26380
28087
4739
23120
21396
19797
7364
10516
1915
22781
22035
5920
30557
2740
17279
190
30316
22651
32100
22428
20354
24860
6931
8414
20993
21918
9699
25021
18848
18881
10208
3783
12361
11071
29699
8073
637
25325
20266
22104
17086
18810
6871
22515
4744
12127
7179
15025
16277
1900
19309
7307
28861
11771
28433
29488
29782
15786
4538
30105
17342
5795
16365
4936
30102
875
5166
4026
4009
21827
19177
12816
20903
24919
17035
23131
9101
13693
16482
26044
8968
182
16285
7081
7258
2092
10483
32577
7423
18460
22818
20457
21955
13828
29146
18754
18286
5143
1385
22316
5928
23195
6639
23327
28410
29967
24781
22639
6508
12336
15095
20584
31530
17074
26397
16178
8216
10261
2659
1214
30863
6029
18556
19076
23454
30384
11963
9379
22316
6657
26258
4724
3698
1869
20790
18060
12522
3853
21072
4606
27798
7461
27661
27868
31492
32754
6776
16884
4469
8912
11979
20180
24365
7025
16800
29925
1040
25664
12754
24699
27374
17340
1511
1682
1615
19865
11437
5026
5366
13990
19683
2960
12926
28833
23535
18872
20392
23708
13960
9068
9338
31918
1620
8595
15064
22518
23517
5802
32726
21914
12854
12466
12485
1948
15595
8651
6479
19834
5547
20043
19353
13602
25451
10480
15068
25209
5320
5655
24198
19575
16816
5806
7509
24725
3561
17701
8152
14972
25171
19612
18341
21902
26538
19758
7719
5094
28231
3526
32570
22384
5639
19946
15853
20954
18206
6693
5815
23390
9006
18323
10534
15258
392
5900
9858
20566
17112
13215
17487
11018
19565
11165
27951
22011
28913
7912
13564
15136
25085
25347
2084
1203
12717
26628
29331
14449
9754
7655
12332
19345
21244
22661
17141
26888
5246
28104
31954
19043
22008
9827
22784
9326
25598
27146
28932
25668
20564
22699
23368
30328
287
19582
28068
19468
26227
8399
4634
942
17061
24527
15583
21787
3710
8679
28897
21964
27269
31432
6351
24313
20522
13750
16726
5384
31121
12722
21842
2304
6912
9137
17567
12333
24215
13742
28870
27212
17617
31984
6156
30712
24268
18187
20344
29255
15911
8880
375
11793
7831
26490
12206
32125
18570
4450
22120
29988
14982
21330
18928
13389
14436
14052
27222
27988
12609
13660
23717
23645
27658
10188
25171
19983
25014
8968
588
32256
27870
5963
16381
12131
18346
7442
8132
6048
15567
30965
16452
22488
10126
4353
30432
7992
12938
4124
13865
24162
7860
19951
2918
30749
14918
21632
24099
27779
15948
1511
16681
1207
6013
16449
1483
32498
27240
120
24269
29769
32732
25715
19142
18750
14000
30862
14695
16823
1258
10411
30458
11855
32314
9702
8115
14034
7714
27617
3370
16808
5676
20588
27110
5237
11610
31064
15673
8450
7753
19951
12748
29928
18444
5845
7747
25308
24703
19975
20303
24583
6607
8223
25492
5745
2269
30860
18601
32363
23076
29968
7834
8423
16087
16486
28559
7221
4739
22461
19689
22888
16184
3576
10923
25905
32445
12744
25290
15836
20554
13922
2453
9661
21303
27215
27420
12466
13991
10414
20800
32733
2431
3757
12066
7419
24242
32673
10401
26652
1880
24320
1167
1390
1851
25999
17906
19922
9480
26121
32458
4353
3100
1828
22742
24797
29228
11743
9944
15324
3181
26857
13051
5595
7045
18647
18107
16778
27824
6297
9660
5124
7963
14832
19735
22109
13163
20873
3368
30908
8996
19847
25131
31689
28744
15608
18279
29946
2337
23778
1065
9301
32433
19629
9829
15282
12698
575
1292
3643
21049
15177
14569
32605
28497
20757
16337
18431
20921
27547
10465
25518
14879
20662
1499
6349
16794
3017
28453
7993
22723
6987
1816
14760
1289
14238
5586
12431
12065
24150
793
7152
20690
7017
14571
26447
7555
7919
1188
16090
27644
6227
10564
18802
6191
26415
22561
5179
23419
8891
18363
23069
14983
13800
19856
26056
18874
21331
8558
21494
16324
461
21487
10208
5488
3392
3712
30465
4866
3212
20301
2255
32626
7509
28274
10767
19878
1616
29162
23769
19724
22600
25299
2954
16538
30124
1766
8861
29810
32284
1582
22924
10304
14637
26554
3814
15173
18274
31826
29992
5549
8260
2121
2864
6544
19573
14816
11016
9975
20935
25846
26391
10357
13419
6417
13541
13634
11534
5766
19425
10970
20999
26124
14717
18591
24487
25020
15025
24326
16482
587
13632
10266
20062
13436
24507
10022
24674
24075
10518
6802
8425
14625
10515
20094
21036
1353
1092
11048
23411
6755
2324
14154
31034
30472
19872
27314
32305
27281
4668
20426
23815
5342
5751
7065
25014
632
16832
25854
29054
3791
14763
7603
24285
12345
32449
27297
11971
8106
25238
31761
30604
3056
23163
22989
24731
5300
18445
20990
10880
26222
26085
23316
15509
560
7745
25542
53
8979
23675
14131
8461
7142
22244
10243
28284
8248
30347
18180
30174
27034
73
30059
29712
25463
10883
12031
27692
22856
11717
26637
27397
17532
27122
17306
21381
32725
2971
31423
10699
26643
19961
13066
5645
26831
11088
8993
2628
11207
21853
132
7070
18545
10047
16802
829
7735
24361
32324
21317
24450
3234
30596
9098
18444
13646
7252
636
16873
25908
22976
23144
7528
13426
10871
5178
5145
13589
4835
4267
19497
8696
12937
20018
20686
5701
14324
4028
7585
17818
6340
32590
24477
18401
14669
631
25163
13816
16380
29031
17292
12851
26627
22249
5127
403
2256
17756
8238
18294
17081
14160
6911
4382
22740
22875
29717
12519
5202
18881
23164
4634
1537
13934
7918
20531
20295
21647
10299
16065
9154
14756
30050
6585
30135
25049
11261
11649
29117
26022
4775
19886
26307
4918
17258
9434
25926
5239
19464
21797
3832
29406
3269
31553
9938
25013
25980
15328
11436
27692
16242
28392
32638
25905
30646
21343
6568
1724
8686
13965
1863
1928
12643
31453
18669
22105
6720
26033
19707
4983
31498
3666
23182
10752
2480
9388
21176
26258
6444
11036
29554
26244
26903
30848
21163
25845
5950
27315
12324
18670
4425
27401
18572
29687
29956
25169
27550
22167
22750
30413
15753
31138
5065
4688
19389
7330
28228
23616
1671
3550
10603
12903
16628
26738
8528
13398
10311
30381
32117
11771
25009
15592
10191
4147
3197
5136
11222
9709
28001
6435
505
8516
9090
15777
8164
18987
23839
19570
29122
7080
27186
7532
22041
9809
20856
23423
8732
7394
21548
7146
23182
14202
25726
6571
10654
21356
2410
9013
11397
1794
5873
18952
28630
19545
10313
3487
31540
6998
23148
10171
28254
24978
24715
28176
30584
191
32573
7333
10042
26398
31878
19645
6689
8725
14714
31666
3744
20567
2302
26567
25360
15635
16116
2684
31591
15010
29360
12213
20084
16899
25888
17933
16408
5700
30773
27765
1389
26256
2723
24435
3600
22419
3282
25281
32660
28843
27887
30287
18023
14748
29252
26628
28998
18788
25112
14650
10214
5321
17609
27732
3836
21446
32469
4450
18061
22019
7372
7188
28582
9328
23733
12
18634
21810
17921
1825
17772
14584
17904
5140
15512
24496
9621
5278
7044
12201
11478
12198
22218
2873
24762
22608
32058
11058
3157
11469
28547
10584
4352
6063
8526
8713
8946
26696
26135
31665
17227
32308
18023
10513
22206
24456
24139
14916
28651
18097
17687
8570
619
22708
15568
3039
2197
8859
2693
10193
3182
16164
1296
30189
11786
20975
11154
2148
27691
11387
23744
20699
2782
3888
17530
19622
15225
16542
24739
32081
32359
12480
15572
15975
30154
22154
1969
5234
24958
17507
26793
25907
7695
9512
32697
21591
15121
29911
3200
20260
20637
10597
12803
28825
32328
22965
7428
1552
11252
14480
5792
28925
4150
525
24630
11924
9366
717
7334
31723
335
27747
28890
11351
2486
19690
6211
27276
18516
11006
8876
19146
6664
4536
30679
30573
8609
28020
7061
28744
9202
28686
21252
14735
24013
21331
5124
20579
14881
19861
31718
29031
10950
15161
22708
8560
26958
4969
21479
7124
8234
19758
16872
8692
14349
5421
19259
6957
12538
193
9494
18602
9134
8265
21447
23944
17513
22213
10735
8018
21306
1536
1482
9595
14894
13223
20141
17434
6288
10622
17500
31746
28642
4531
13471
21636
15477
25100
15225
11554
15615
6918
22974
19361
30737
16934
22294
1320
7142
14019
20730
2925
13916
501
3139
3470
9037
19920
14640
7475
1808
20039
18691
7325
5011
8340
30038
30453
25258
7128
11590
32559
1292
27071
9804
27149
10621
22210
26674
11882
19769
30997
32525
15139
7010
22373
13335
21782
13897
9027
5242
28210
19914
7854
26372
28241
13734
24400
11374
8425
24566
16869
13407
22053
9699
6722
2253
19139
26562
12312
8961
21042
4343
27161
10725
11258
19975
18689
3751
30571
13904
19873
15864
2114
17202
14244
29490
23237
24469
26382
23899
3615
20627
32755
25670
22719
3739
25529
17189
21393
26303
8234
11622
11372
30501
9956
19400
29117
22112
23613
21238
7304
19031
9009
1496
26861
19887
8720
25969
3111
32760
438
29060
16192
13757
13969
29910
8921
27981
31421
10767
18391
4264
12422
18173
18086
23803
29926
22112
19188
22954
24309
21478
10182
15302
31811
14368
21235
26123
32755
14137
1454
9042
29711
12570
13152
2136
21901
11712
13220
22671
19376
19253
2525
11295
16837
1536
405
7494
5865
14711
19351
18361
24433
4225
17270
2055
10351
4842
27838
18387
3075
20129
21321
1419
9209
22094
16792
6743
100
15558
10418
17046
7907
30472
22392
6302
26482
2297
19024
29404
30806
291
8608
18786
21996
9344
24517
15073
4824
13765
16162
28400
26211
3333
25886
12286
1994
25753
11793
1459
16023
27757
29509
29464
21525
24821
5359
32094
11028
22987
15401
14568
13619
15385
12891
11011
4589
32607
29246
18679
2272
15254
1778
1791
22097
31664
1964
16860
22913
24846
1164
12791
28716
26922
17982
9981
13554
6428
3811
4386
23130
32301
20036
3696
3268
6399
13741
7056
3101
32549
24157
15529
1635
2572
21081
32417
32125
13610
6389
8786
20369
24210
32122
24076
5406
27789
15343
29510
11190
16875
25961
25420
10481
26705
14024
16694
28867
19157
2930
6871
11226
32207
12432
29456
18923
4336
6587
21080
8995
20781
32155
22231
20851
2593
5048
8706
19464
21718
19769
5603
27378
28529
28307
8965
23020
8012
15191
23804
16889
30446
11398
10629
25807
30714
27178
31476
22206
27541
17396
21432
26588
11156
9033
11449
26150
21845
20798
25338
6693
9056
2896
20149
32098
14216
22014
18410
22031
8154
9058
7258
25802
8968
8473
8035
22668
27490
31503
16035
32560
19716
29342
8269
20642
30171
11882
20984
1326
9666
2873
30551
29243
8431
14644
8231
30006
26519
11019
29182
255
1723
1693
21423
6912
19237
29124
12477
24810
12829
4937
19286
8741
23148
6495
13093
30002
15180
5711
12202
21898
4823
6196
13713
22506
21579
17768
21218
31038
23804
23301
25181
24501
31248
18573
18804
2816
20155
4119
31686
7645
20368
14350
24476
32012
14528
17894
4732
5774
974
19860
21446
8893
10439
22620
7670
2293
16306
29631
3842
923
15043
29478
948
16841
2804
18150
12134
28480
1709
23164
10043
18791
13379
17986
9368
4111
31874
19915
29143
24793
21615
31673
24675
4888
14114
10153
29801
8730
5913
1607
20923
29479
14234
7329
15929
9828
31960
23156
11129
10819
9656
4686
28965
15476
30754
7778
23367
10334
26105
19145
21551
30449
28389
15396
4346
11920
4054
12863
22856
9262
24026
5962
11010
5889
21326
11188
29675
28359
2574
14569
31443
19951
15549
14336
17321
3161
19249
839
17306
16094
7066
17411
14019
26121
24592
24162
30270
26135
6229
1951
32327
29446
19772
16444
23097
26216
28185
26528
16161
4405
23915
13138
3529
2422
19087
4932
24261
1144
26790
7936
24462
9453
32326
23807
27013
7523
2332
5996
16703
6696
29502
1569
31577
13870
3369
15861
8934
13835
18800
3855
17009
5413
24643
30702
15762
31201
21790
10726
27967
22646
17167
17908
10380
8919
23081
18253
8626
18718
24430
14249
19475
7322
32474
9373
16586
6207
22266
24762
5145
13652
12265
8307
31597
25996
1304
4484
31232
19713
14316
2652
16006
4269
21746
3036
17155
32544
10935
31329
4727
23124
24878
6070
15881
23039
29824
6894
12013
30545
28199
18693
32438
28157
4918
25303
20588
4265
476
16457
13594
29706
28953
20579
9145
25017
28015
5759
32601
14434
17699
14806
11750
24412
20694
15409
23309
13033
27703
17054
5962
32620
16276
9360
10119
10950
27102
11648
24781
16061
28172
27300
23227
18030
73
22463
29130
16483
18805
10956
16153
9274
2081
24008
5479
19235
7674
5425
21665
16991
29512
6073
10287
13924
26507
28891
21342
30135
24243
21539
32006
14219
7902
17010
21350
25339
24998
30066
5697
7429
25359
28335
17313
6876
4345
29130
3956
2768
25230
29251
4464
4136
21306
9983
20870
13792
15485
22636
22686
2871
20904
32414
14701
24911
13453
15560
4826
18993
24160
2766
901
9742
4133
11933
20339
9946
21472
18410
21641
5893
24
20140
14695
7759
23060
22675
15792
5604
21454
14977
3125
574
19016
18952
26599
6941
6141
31894
1451
23386
8330
24197
28593
26169
18622
20986
5921
9779
24192
19246
26764
28150
15438
13419
31709
2841
17070
22959
360
30557
32250
24063
10060
4955
15787
24905
4054
22332
11001
24325
438
455
24480
5277
22737
10595
20864
17340
31780
11375
14124
17018
2132
20155
24937
18649
17580
14508
18029
22504
25949
23110
22681
10644
24459
8703
9269
21734
2166
11435
15444
16842
21872
25659
29256
28915
29313
32089
7040
6611
4390
25224
26734
9535
24219
4846
30222
18189
20637
11463
28079
2296
25080
30190
2942
365
7447
25705
16517
24125
7687
27785
18705
353
4678
27383
7733
17353
28512
17428
15947
16334
681
26175
22344
19064
5152
32693
19460
18296
21972
31690
10448
5036
11999
17722
4146
19416
24910
20310
22478
10458
10557
4333
24969
30203
28820
3050
19730
28567
19326
29573
19766
7130
14763
3076
27397
14142
29431
13952
9757
26732
14753
954
24083
16862
31755
16426
15986
14973
9669
16766
14538
24483
29389
8164
18395
13152
5615
7914
21457
29811
24412
6901
27586
7690
11765
16133
641
30615
30656
7170
25000
1084
1443
6125
30444
12310
3111
24945
26014
2670
16624
30690
9895
12099
29707
10939
32669
8299
29673
31264
29417
15456
17290
15151
10949
7638
25195
2225
13231
11770
1633
2277
13012
2763
14071
15231
10479
4426
11329
26487
18614
16266
14681
9920
10749
15277
26328
30243
10453
22276
26806
8870
20631
28631
7103
6901
27873
26872
4856
3204
25703
19874
23580
29656
30589
24854
10923
31854
8920
5426
2585
2781
26984
23555
22927
30591
23633
30416
24195
9292
12983
15314
2955
21338
21267
6800
29741
21252
26424
16000
21390
11361
7348
1696
32565
32096
18832
16572
8336
23923
10605
22565
1307
14736
17978
4915
14915
10413
3635
29874
29451
24380
6275
27858
31115
7335
21311
31078
16264
5425
28281
2029
24980
29494
5763
11566
16809
29901
26846
2021
23263
2632
1694
11790
16315
8336
20791
12412
16490
12465
29311
9042
25634
6417
25820
14594
24079
11281
15995
3297
4491
27521
5277
21732
27091
13745
2599
1803
8063
2070
1590
29571
18141
26751
31993
32222
31282
1116
25943
18267
17566
2825
12128
20280
26324
2733
9262
30739
10325
1996
26397
11993
26775
11321
27141
11183
31649
16710
27912
26982
13011
30813
17325
19454
17476
26745
5032
10765
16183
15743
29584
492
20481
6447
25570
12755
13911
17845
6374
18775
30571
12592
21599
26454
20003
29091
7847
7199
20881
15281
30024
24009
25434
13460
4217
8967
24482
16838
12949
31788
22543
30948
23661
4921
7665
30834
17570
3266
14391
13831
14075
14639
26795
28549
14630
8217
18790
917
15403
21144
731
4876
9375
24780
10672
8218
18524
15386
3623
21945
9114
30844
15910
22155
31316
18185
22974
23051
16506
5444
24198
16230
19750
10019
4528
26409
25758
27629
15026
1157
22915
26670
25335
23771
26761
6420
9717
384
14375
14760
1211
18958
7276
13382
30793
12857
25221
17113
26365
72
7980
13892
14682
25111
27439
32501
15905
28098
4831
10506
22633
23396
7491
7727
10687
20051
22775
18565
13417
31471
25518
27825
1727
8822
7483
6585
26499
26925
12170
20117
10312
12805
4822
21722
24195
2431
7675
84
11945
32654
20150
18869
18382
24659
1070
8968
6133
22932
9240
24221
12938
1601
20232
19773
31364
10168
13320
6800
4650
3300
3150
23636
16622
21987
15001
6166
1717
2511
10679
23443
12159
20041
21110
24059
7390
29072
23355
182
15739
5641
17622
19586
1916
27199
2246
8532
15542
21729
6360
19154
25043
31730
24190
13934
5414
9555
29130
13131
12287
18769
30662
499
8747
28165
13283
5996
26150
25998
29137
26262
1414
14476
4338
16465
6345
20943
763
12385
20332
24006
5628
1070
9242
17628
30497
21682
6613
795
8044
31657
13523
8994
16614
20439
27773
994
4728
9379
27450
23633
25411
25508
21159
27489
16866
3331
18858
19794
24188
12313
19842
12973
6539
32048
1405
4095
18728
25025
20417
4864
8747
28997
27881
28031
24306
812
24736
10489
30230
23617
13329
26745
4637
20604
3475
22957
29770
19625
4236
2169
32263
901
14675
4062
22181
9743
17976
3810
13696
30946
25130
28963
29281
29588
794
21748
31886
24099
1910
23647
2415
24214
30892
31676
31297
27108
12641
4440
27068
17092
1485
31264
27829
32430
26853
16409
14399
14346
15356
17615
6567
24274
13271
27634
1955
453
12942
18390
18442
15332
7734
30185
16217
32761
16537
1309
28267
23698
11693
28074
14778
29742
3653
24262
17061
31899
13033
25699
18108
4140
21126
30171
3920
21467
210
4119
23937
22528
8231
28363
21368
29693
30907
31778
17177
16242
4291
30179
6737
20987
30206
8823
25699
15125
6892
6528
11831
16511
30829
27213
8198
27328
8993
24200
17489
22746
26147
4291
880
12639
31394
20431
15693
13966
25791
17514
11875
562
24674
18569
15328
28591
31329
32744
23104
21607
25370
29689
1515
10307
28960
1380
28733
23513
11250
22772
11200
21836
548
7984
16576
15492
3805
21372
2245
29928
14125
11308
11600
701
627
25389
15805
856
6841
29228
12123
7945
9003
26757
12473
29353
29192
9585
9383
25148
28249
20453
22375
17389
12665
8477
3146
360
29384
15135
11508
29490
26431
5945
20480
22131
8488
32280
32354
23668
307
21260
22314
12285
5151
14186
5551
9840
6022
26851
4233
5864
3076
3792
448
5410
2546
184
25874
8528
16637
20871
7287
23963
6863
7135
21277
12202
20976
8810
25820
18719
12734
16393
13659
4222
28725
16564
693
15290
14001
21852
12197
9885
9958
30806
24459
21926
12165
22076
2193
27123
228
4404
30549
10018
21579
8176
88
18106
24670
22402
15595
7603
24063
6617
4091
23748
30257
6252
30654
23419
9983
25553
27101
27793
15624
5018
5183
28207
25375
3873
32482
22692
3129
29437
152
5263
17326
29486
29392
27184
5596
19154
17051
23747
1768
1721
231
21217
25905
8543
25618
26325
15630
30258
2061
14886
10714
19863
3232
29069
4058
23919
16720
28081
8661
12437
8148
14113
964
21215
13649
27162
30586
29260
6454
11595
22114
18686
21413
8123
18232
18080
22703
2535
16983
1393
30235
27770
28834
8955
3418
12982
23994
24436
21079
21041
12481
2335
24503
1427
5796
31099
32655
14562
15623
20823
10752
27379
14552
5366
16318
27272
7571
15696
28628
21256
22740
1150
1821
16476
3018
2170
10106
30462
20987
19915
1718
19972
6807
28160
784
19718
22917
26672
13391
15149
6987
4194
15186
9133
13582
19222
7400
23168
6791
16331
16216
20092
26247
21242
15186
2858
6913
31024
29219
780
4974
16541
12803
31041
19812
29046
13843
22579
12115
31275
8086
22379
26476
28098
935
24099
768
32240
11901
12122
17375
30848
15251
27614
15692
31066
2991
18367
24793
147
25710
7691
6268
7233
2933
25865
13225
11098
15972
16615
13888
14073
17695
3692
31124
5226
29627
13108
17460
18406
23667
12215
11964
24382
25335
28512
9591
18360
14556
7016
29467
2300
27894
12210
663
14558
11514
25782
27366
24923
10245
6507
17843
28254
879
32590
27229
7376
19791
8273
13956
9556
12541
15142
24141
16920
18248
1819
2509
1317
26841
9317
871
5742
11077
25658
21967
18955
19376
4671
31784
12507
4128
14238
6947
10449
19990
10964
29071
515
8196
8858
25933
9424
3034
8682
4534
30495
16747
25535
14451
13775
19411
15435
28479
5704
27026
5485
10548
19271
13860
3774
29444
10239
24193
28632
27419
16471
4871
20476
14286
27052
20049
19350
29543
11192
19156
13241
18911
24252
14728
15899
28244
30392
20576
29296
17075
12487
28243
5796
7644
1783
24999
8966
4693
8811
11629
25363
5614
24245
15638
28686
21217
14057
7041
26736
5481
20664
295
19714
29634
27296
26030
9917
27877
17198
16333
19094
23201
5333
23702
14601
10464
5813
24514
22794
21721
756
25672
13730
9759
16534
18507
27234
22887
7474
22650
23258
21500
20200
28773
32620
6583
22394
14747
6350
11685
18811
21559
3909
5662
5913
28322
22578
27394
32704
8291
31278
26599
12245
29983
29944
25022
15441
6751
26518
16724
11976
24778
32683
25852
32297
27126
12708
4443
29915
22951
32074
17450
12013
23846
3065
5225
1588
32081
30675
31681
22344
29755
27397
14024
8494
3006
28182
6885
16713
11192
25504
11762
2479
23162
1209
12515
11709
28371
8253
11380
11404
16205
24481
30813
18649
23701
23711
27094
27224
26699
12623
15039
3610
27343
21177
30915
1783
29002
14646
12671
11102
10443
16645
16081
4563
20146
16281
23967
32740
24673
14810
21297
23624
32104
24990
20947
5685
10910
4519
6133
23203
10402
13566
6161
6024
1878
10800
16947
10702
12350
18652
5407
14126
20933
7545
13119
2486
19489
15025
23090
11774
8017
8642
27605
328
19921
30838
13693
19613
28547
7034
4052
19168
23192
20849
67
17335
19478
25785
20882
25664
24568
14306
2011
20429
18586
2069
9852
17892
5762
19193
11058
29503
16786
24848
8685
3552
7473
7076
26690
384
5567
17106
8551
10567
8708
26778
3221
13957
31983
20492
21585
19925
2516
31970
6596
5039
28491
19080
10093
890
24795
24191
3603
383
30619
26643
19924
14985
11964
25337
20313
24390
10020
19186
27795
13378
32488
25231
21221
17510
10709
31432
3208
28768
14375
3961
32136
1260
15237
19006
18625
11258
25443
11489
29057
23911
20320
15506
20201
16281
5316
29206
10314
7354
13789
32317
22668
29739
17950
4851
11643
31797
5489
27317
8963
11476
20293
31247
10553
28216
9342
25915
11899
7779
31457
26425
4002
5286
10910
7069
30666
30678
7112
6090
2629
29538
10824
29309
7666
3416
13581
875
28866
31020
30086
26131
30662
32581
4597
3411
19627
31624
21112
28015
18623
10648
28517
26434
21456
270
21106
17116
519
23300
408
10778
7703
13851
25936
27771
4988
15497
20102
27337
23082
11004
10665
11325
3371
1216
25724
17666
15115
23356
30371
23401
25030
14921
11751
9077
25597
32323
32617
23525
12359
10852
10885
16036
10211
14938
3843
12210
27255
11687
19569
6500
4464
4213
7965
24309
22629
25685
12428
27893
1003
18213
32129
13871
25984
28862
26764
18573
19236
19516
1784
16139
4817
31477
27680
21172
22350
32760
8547
7971
16058
12965
1937
20356
28510
7705
32458
8278
9189
19505
10954
24881
2042
12328
10746
3249
18738
10450
2158
3125
11178
26194
20121
14855
21950
12082
10330
25533
9810
24253
30567
8486
1528
5231
10896
26653
32656
2162
6813
26547
10538
6867
5986
14653
30599
18115
17722
7012
30209
30031
13468
31397
27687
6124
15796
30710
30111
21815
4236
4350
10448
6028
29205
23299
8779
8869
8402
16198
5799
15698
27686
24618
27056
14214
17540
25420
13863
17541
11501
6141
501
7156
16837
2542
29608
23356
157
31524
11419
2271
8292
10796
12864
5173
15299
6352
14463
7788
18940
28252
27622
26198
14296
1778
1148
5642
5734
4632
30559
6767
29867
15709
24670
15422
4878
13459
24130
26558
9003
7121
29643
13826
17352
5625
10172
24054
26503
22149
18588
4524
20357
21961
12960
18595
23751
11051
17843
2679
17375
31727
16663
26652
6232
26441
29568
28721
19128
10219
27740
8629
8848
19690
20883
3581
24430
23263
28984
7842
20508
32404
15848
23383
13650
21816
24344
24499
26901
770
3435
28275
30874
22786
17334
29324
26472
28769
5760
15772
21154
5457
531
12293
9090
16432
19375
21700
16250
28936
25145
16684
22503
6251
22360
29956
25695
16162
21869
30377
3309
11373
12836
27107
22960
23336
13204
21791
6542
30271
23092
6847
8193
9461
26806
9399
8360
6512
10790
12286
44
31693
126
27685
30318
17639
10303
27802
10647
5137
5382
29346
5536
30110
3542
6338
300
31313
1673
8788
27170
27385
2656
10560
11626
9171
954
20205
21733
7098
23308
1547
26020
32128
2527
15794
6245
11321
22072
11972
21989
27244
5722
28709
16816
16395
18218
14874
7578
1055
9586
31987
25270
13973
31592
27940
1025
32541
24660
20966
23338
17591
28173
9789
5076
723
520
2425
6845
9219
19451
1183
7953
19288
5974
17139
30514
4149
5180
6053
21026
22361
15697
8550
26088
26980
11039
1387
22877
3111
22503
9538
6802
7890
30374
12209
13448
24797
2407
27892
17907
749
16452
23006
13434
23672
25491
1049
11445
9736
25115
31261
4050
14206
28455
32154
12931
26642
10451
19102
1970
22806
23950
20020
17194
57
10430
25801
26484
1594
20273
15571
16629
11921
16738
16863
14679
1162
15280
11181
8415
6106
316
3980
22458
7801
9388
14757
9141
20966
28356
6724
1098
8101
9132
5816
16084
24283
10564
15812
6398
30699
29841
869
6969
20874
20973
24554
2251
653
5644
2533
12977
5944
29410
23325
23656
20341
4639
19336
790
15005
11890
30522
3444
19774
20205
22424
23296
2216
3582
19719
2473
28258
734
29308
11234
6937
6307
4020
107
8314
13702
8545
8092
28218
19456
11664
28988
19156
16467
6257
16367
26525
5383
4900
22994
2202
25020
755
14867
19675
29163
3797
17967
28234
21684
32070
8335
5354
10816
2794
15633
14349
26501
28986
8367
28230
22014
14541
18230
22877
32697
31473
231
21388
8624
24191
25694
3066
2780
6818
16644
6108
29417
20809
16729
15698
3745
9238
24932
5613
12570
11500
22896
1929
24028
10384
5138
17364
11175
1626
1739
32553
31674
30593
16881
25531
3942
1514
31740
25625
17408
2700
28603
4205
9040
27605
2816
21497
2239
25651
31900
32580
19480
25896
14398
5359
32438
28189
23719
32063
13704
8482
19772
14086
31189
16316
21459
31106
23775
15240
6915
29881
24154
174
16715
24976
25582
11411
5403
22325
31009
483
7814
3539
18865
13481
27745
32312
11330
13214
26464
3336
3728
6638
5487
23064
24298
22188
26331
24272
26602
19476
23996
30157
31655
21118
1683
10191
11843
17911
28588
14187
21007
26860
174
24431
30967
13474
12413
30621
27835
7751
32142
6276
13405
27926
17483
19929
1752
22465
29618
21814
22742
25893
2768
26723
18813
16870
30430
29108
28380
15847
3029
21527
17634
1898
19999
22519
7649
21261
4753
5607
9372
321
21898
30250
25833
15091
12063
21745
20204
31075
25094
6145
6300
20906
30626
24236
29674
5934
29105
9595
24819
10176
26458
21892
28910
22989
9890
2292
22377
18266
3015
20713
10621
26555
19343
11114
31822
5047
1213
19202
29415
22317
27635
23722
13603
4991
31123
23424
27781
6385
7959
14963
32572
20545
785
28749
2152
31673
22621
30347
9794
29434
1382
1974
16194
12428
16784
26661
24028
8414
31018
15762
29754
13016
14631
22636
9358
30711
2416
15833
84
7614
14903
6444
14214
21467
24603
16258
30392
18027
22004
10335
10357
7245
5259
23065
16281
29990
9687
29477
10125
7251
6435
28495
18985
19485
12152
8610
4942
7840
21912
30061
31219
26295
32225
31368
6107
19424
28525
2697
26239
7884
28848
17245
5604
18391
7805
12773
14473
22140
3633
28305
5661
32501
2185
3669
9343
12227
25381
8957
17361
22574
22466
9200
28439
28453
2861
16082
26055
250
8037
14649
809
13390
32080
7493
15628
32217
25255
26506
12890
20123
14312
5969
23301
14950
5872
27358
5847
11721
30414
26777
16276
3806
19495
6217
27564
7059
24810
21131
22497
10187
2123
1499
61
15369
5269
22426
28075
8262
25341
21308
15112
7829
23940
3928
25265
23895
31609
27357
32036
29074
20618
19880
29032
30710
23342
19473
5610
19787
12939
17605
3328
13040
18350
3833
10996
32105
514
29938
22007
25722
5457
7617
29352
13371
15181
15820
23708
12638
19466
13316
281
7623
6048
2813
5772
32197
20947
6423
20828
8481
8681
31021
1444
23406
19757
27535
7670
9226
11752
5994
26420
10646
19096
21519
25520
30595
20927
25085
24677
11644
20972
30648
22670
24732
16822
13899
7605
780
16366
13545
12423
6100
4106
1753
4729
28174
23464
421
13404
5184
9458
18043
26029
591
15698
30714
22492
16453
8429
12625
26474
27256
6952
4075
5627
20998
14682
29186
7730
2348
11576
19478
27749
31249
6841
3030
12062
27879
29200
10263
3769
5861
13269
28391
3878
2971
10144
31337
13772
7136
10009
3471
10602
3931
12938
14830
15338
15779
19321
32020
17704
26735
21720
29119
16069
4652
17142
22757
23652
25978
16976
20743
13305
22220
5260
31315
2212
24197
2306
708
7406
21187
8989
27360
21293
28065
32622
13695
10998
3279
4060
25988
19772
9304
9772
15764
21775
31830
411
8886
3261
24613
14856
7392
15481
19083
4886
16469
12291
14087
13302
27739
29429
21775
384
11565
30403
11739
7595
20510
27350
12379
23394
11809
7301
174
23533
22751
17963
18416
25621
23307
20560
20750
10925
30102
32062
3135
1981
2806
20425
15824
10289
24841
7171
6667
1051
18232
22464
10857
4927
4663
22887
982
2464
2368
27700
22261
11934
5082
3222
21414
18638
19848
12123
11412
17501
27686
28567
12323
4
9459
28130
5753
31961
6185
22045
11508
25129
214
3701
9159
31736
28118
32487
29257
9402
18241
6422
182
26515
8469
10414
20238
13271
9048
27403
15628
27196
17167
18609
30838
3183
21425
4675
29414
6265
24958
20684
1465
23532
2470
4761
862
11584
28831
22220
6680
22119
3964
21632
19689
1818
27957
18255
18888
1102
8236
13867
17812
31045
16813
20943
9552
14452
23792
19331
5588
6616
19501
19318
25465
14962
19169
15145
2943
26918
21294
5227
4545
14942
8806
27771
7327
11817
8035
20997
19895
22332
15285
31115
21125
10017
2982
21472
17274
2607
19788
20949
32393
22223
28710
390
2890
23826
20982
5231
3655
31965
7731
17634
1892
23477
2094
4690
30407
10746
4461
11501
2138
3442
15929
11836
5875
19908
15973
31561
5998
19544
24654
23650
14854
27055
25629
14286
18528
9692
8834
12164
5196
12492
21005
3733
30395
8441
28709
15130
20951
14778
27174
9394
12306
31922
14439
13019
26890
14350
22611
14226
22329
7940
28215
29656
30188
29552
26576
6050
16105
16202
14879
21679
23744
30292
17005
1538
8535
26963
2324
9921
1554
13753
1464
1412
9288
13376
5216
16891
18193
27680
23846
31573
6070
22560
11197
4573
27387
7333
9379
1425
8005
29695
2175
22764
30565
15034
16110
10351
15872
5186
12794
5812
13120
28387
12623
18797
17478
23568
8082
19064
15184
7531
27907
3831
12904
25383
16910
20511
23737
32380
6350
2731
26236
30884
29206
2357
49
8339
14699
17128
8549
29311
409
27057
8319
8145
29552
29876
22327
28349
30989
18681
310
1563
28730
845
24263
25614
5024
3343
4657
30746
2362
23717
3134
22696
15312
31169
7207
30071
25268
11701
31330
16302
21750
178
11762
30602
13958
8812
25211
13431
9700
7432
14038
20015
8896
4620
25901
31318
19261
15726
13980
21113
12876
11284
28810
711
22736
22619
26480
4124
22216
28535
8532
5716
1830
22525
10553
27954
32277
10415
2665
9242
13194
25359
42
19650
377
21630
20045
17059
30111
19711
8400
21558
15416
13994
32375
27888
7193
22333
29664
337
30274
29534
9321
8485
7363
21840
12936
19
5997
10334
14457
13139
18847
31377
21102
25609
15081
22481
27510
16731
26219
14086
31101
32304
7060
8399
12717
23109
30592
810
22956
19712
26817
1447
8739
12658
21862
13272
23876
11508
18896
32132
4115
25823
1992
1804
18744
2815
32368
27716
5832
19354
6437
32221
30565
8336
3907
5626
30110
28716
27307
16814
16076
22350
356
21296
30670
13018
10710
10626
9287
26914
26153
14758
22121
9615
2396
10583
16858
21217
12940
7742
13078
9414
29377
7300
22128
25220
26800
8917
25153
8946
27519
29568
23063
10944
20842
6227
9405
5064
19939
5445
3715
22331
3935
15784
26867
27093
13480
5851
15518
18474
32206
30664
11046
28437
27618
31260
1200
25744
19072
15106
9342
24202
18323
1253
23542
12731
8383
28057
27452
27408
8277
24866
32646
16593
3407
23732
13216
30979
26292
16525
27573
26309
18102
32562
22018
18234
17189
18902
10083
26620
30953
3658
13081
13320
15005
18412
30717
4864
2501
29080
26753
1820
19575
20215
27594
17476
20339
15439
2070
28581
15978
17082
29083
8627
1698
2834
29192
30244
28220
20243
5072
18082
24373
11999
15328
31398
16568
11269
5640
8652
2083
24980
17750
17512
5336
2911
12112
26290
22954
25529
12475
23764
8705
11290
895
14394
5134
13520
25085
11920
4575
26505
27628
23539
27820
10682
32037
10213
21640
18747
18525
27491
14126
23911
21203
16035
30186
2881
413
32333
11023
7685
30069
2246
15497
25478
12860
7025
15636
8449
19858
11344
24806
18183
14451
6515
24825
9318
15855
17484
2956
10954
21685
23162
8752
5615
7244
22397
61
12284
795
8637
6980
4188
4333
26137
2502
21684
8009
11694
7566
28771
4302
26160
24371
9912
1161
28942
29739
13628
6886
12557
28870
29770
16237
12569
25044
24828
20956
25495
20235
6395
3687
10509
21965
13378
2006
1139
19734
798
11417
10601
11781
30156
10756
3407
24616
2528
923
22501
606
1039
1959
31354
29066
14016
8360
32494
18885
17921
6605
28854
29683
31137
26447
32663
15434
20201
17330
4974
10390
6350
7944
31585
13065
8142
7532
14475
22005
25175
20271
18594
16113
24488
11509
3437
4050
23160
12409
6078
23112
27800
1965
3234
30895
21322
19617
6635
14022
10677
12090
11368
24929
18292
12883
1612
7778
15372
16164
1479
23191
3483
21550
6666
6011
12710
12388
2062
2219
17101
15156
435
8150
19097
5933
9322
15330
11891
1290
4677
5127
28200
2533
12356
28179
10900
25510
13933
24232
9621
24166
4155
16420
9432
30927
5536
30768
7847
26537
17348
14353
7977
27641
24885
28587
22903
7801
20282
1443
20887
20932
9333
12205
14475
24298
3628
32671
9030
955
29469
2334
6293
2338
21803
1238
10686
931
877
5484
6800
1042
16239
15887
31871
164
4397
19237
7880
1025
28911
27367
1523
17026
7097
16138
12524
27029
19052
14350
19730
28513
31682
7385
9394
11026
15371
7029
8995
25537
20075
29175
7220
10259
6228
26286
16315
18783
11549
32244
14778
25720
2386
27084
1704
1708
7925
30688
7812
1360
30190
2430
19439
26039
25475
20755
29906
12471
16804
12271
9779
1839
19661
15077
18292
7018
25559
17814
4607
3492
14698
26128
15408
4877
25457
16087
10992
6573
13067
13112
9124
9048
31318
17459
29518
9071
25970
18744
9183
6639
9227
30127
24049
5636
4856
26953
28294
15680
29877
17918
18902
9615
622
15601
32520
5391
7993
22793
32490
19007
6661
31196
32487
31674
1002
4484
31899
11036
16368
21429
20243
32317
29018
25664
10996
10660
22024
13101
32513
17171
21382
11349
4284
23035
787
28394
32610
5494
717
27672
10863
26878
2453
21419
12931
26979
919
22700
8773
7188
7350
12469
28642
30078
18680
10670
26277
3478
389
21964
125
19102
20268
30781
6941
6375
6517
21875
30144
6667
28414
28553
9207
14589
31121
22990
1474
7884
6103
22306
165
29546
14603
13421
5915
3379
13465
10998
11517
12476
11378
11892
27300
23108
21241
5143
10830
7136
4093
25959
655
32071
17046
16451
7959
14099
19010
15776
29962
30114
31269
12425
7779
587
14718
3694
2935
28706
31183
5246
29257
12093
25647
24990
20362
4450
26123
31358
30968
8592
284
30264
23361
4894
9472
17722
2792
15323
14120
10587
8954
28558
2220
25006
3763
17935
4556
4354
19594
14247
15491
22105
31061
19473
5444
12038
24989
10878
28456
16790
2460
6968
4964
9790
16592
10873
6752
12525
17151
32333
32472
13750
325
5539
6311
11697
30710
15844
22689
25650
19376
11350
19942
20024
24620
9558
18550
16444
9302
8221
3089
18360
13458
3304
5009
19299
2448
274
20390
7354
9288
12010
2057
4558
31130
6402
22127
7069
27404
1266
14043
2408
11355
5849
553
3047
30876
22282
1148
2925
21747
8473
32541
2306
8450
2908
28182
148
404
19325
1289
18469
584
27681
8545
8695
31947
8725
6022
29087
4544
1880
17139
27722
11069
12916
25494
15410
10213
13054
26820
21455
22649
30040
6394
20983
25477
24800
16530
24463
14615
14666
26045
2476
7726
2055
1637
651
13209
15212
26024
8421
8611
30661
16592
17971
21164
16880
4078
27944
29668
13973
8842
12333
24681
5258
9984
9189
16717
12681
18804
2514
21744
742
22188
20759
22534
635
1452
25092
12292
25580
8910
9799
9954
20587
21878
21542
8196
874
16184
8897
15708
2942
2067
7981
24149
18513
23344
15293
2722
6421
16417
22922
4553
19741
21187
10657
11690
3501
30046
3724
17317
10283
14293
8773
1169
29520
18613
29387
11078
12419
4634
5510
11147
27358
16156
25630
32614
5784
4631
20269
21213
16867
17001
2155
12785
20473
19
197
2036
13252
6345
29918
10476
17754
17711
14904
28424
13306
27252
6389
14526
22950
22845
15975
4294
29802
26236
26815
29909
20902
1917
12108
14488
3697
12887
5823
5734
5956
6348
4993
12477
22591
15011
13403
26420
9745
16073
7052
17725
10564
14254
16312
29535
32345
2093
22692
32182
18792
2017
20101
12954
9045
14933
15537
18427
18282
16147
32065
17069
9028
20161
30808
6283
24657
200
19450
6313
677
24125
2676
19646
1403
32348
28539
12228
32250
16810
13709
20732
28051
3361
31390
8512
1361
7864
29435
18846
21367
15107
32591
14035
23437
13913
8688
11552
4343
524
4350
11653
555
31767
32463
22139
23657
7371
3994
27269
23973
5052
14745
28505
26836
21122
25479
26598
22731
8333
4764
31028
32434
30707
11068
11451
22848
31585
13743
9747
18400
983
12244
4400
3234
27640
29820
30956
3202
15749
28112
6049
27466
25303
18567
7136
18933
31564
20013
27895
1012
4504
12633
18985
23202
20201
16222
29771
3345
27041
22544
1973
5438
18117
21934
18626
30886
29149
27798
7076
17612
14499
32305
27811
25166
31075
27502
10727
10690
11886
20283
25112
21447
23619
15776
1937
27588
20653
18744
9837
29066
19214
12928
11662
31321
6752
9349
14021
26699
19958
3191
6567
17087
14847
8880
25089
26551
23614
9076
13622
7341
8902
13958
13413
22572
23756
30737
19786
25401
20915
25670
13035
3790
12010
14317
27171
22442
26199
24383
14269
32518
28897
29833
26416
6466
31320
20943
31163
29149
3819
522
4321
12534
30117
19007
32342
21043
10719
8287
30882
24963
26261
18108
25715
17905
25259
28703
16262
10282
26751
35
3820
21137
17494
6721
19420
291
19113
7522
16701
4453
11845
26519
1561
1311
26041
31229
21676
28734
9817
13567
26082
25433
31704
11617
26563
20915
23219
13851
18062
16576
10263
14917
4146
18621
12703
16716
8078
11109
6736
14256
10419
4613
4444
12686
31772
12194
17038
10873
3988
21888
19963
21483
27056
15647
31557
11964
24115
7764
18081
7008
17954
5393
12511
7788
31474
20973
9748
28379
29565
15254
9621
208
3523
10550
6984
5317
16771
5136
20867
1241
29618
21362
25982
21562
15869
17920
17992
18847
2954
9461
82
12106
11841
21792
19252
26380
24539
14773
21677
22513
9902
4697
16571
21101
10117
4290
26638
10696
16679
8413
13682
1727
349
15824
16788
30331
8444
13036
11596
32184
26087
25011
17081
8529
21007
1338
24152
4245
18454
9249
9489
7443
27882
14280
21737
13967
1248
19957
13209
7214
8589
22367
13888
15019
12724
8975
17505
30787
32365
26427
27138
14688
9
31504
30601
22359
6749
30464
25153
13662
26861
15866
9167
30261
9682
11159
19961
13613
20016
25211
5913
4398
29530
21009
213
8650
32146
6304
23014
4288
24020
7087
2105
28736
2067
6171
19869
453
15632
8555
3507
8164
14142
19139
30994
20047
21124
1106
13629
28886
11546
15847
6884
30572
26128
15948
5486
2677
13373
11248
10768
15556
2924
28727
24227
20025
13883
29945
2808
12542
3953
23620
13598
24738
22582
31437
16887
17465
10545
29194
6243
19328
22943
22003
27
5068
21796
23542
4089
14168
31355
10759
19023
10749
11641
8366
7127
31240
23076
2346
13541
23666
27761
30964
2250
4049
29042
2901
9146
9311
2097
19590
32380
14575
29321
10819
7477
10974
24573
28294
15812
17112
30407
10584
4450
18482
21529
30438
10580
22153
26727
31835
22814
31895
14133
8432
30716
32357
6962
10826
30296
16407
12713
28250
30016
23821
1741
14743
4882
2755
9985
24970
13922
1615
22689
27628
28809
26837
8511
25535
4772
1727
9566
18232
22963
14268
10286
4394
32645
11256
21989
26931
14268
17250
1400
15033
32370
31634
21580
30539
3205
11031
1454
32334
23494
17123
24171
27804
11318
3470
1016
12091
20431
18654
5293
201
3569
22706
3930
30478
24206
20449
27417
28543
5921
1015
27164
1385
27016
4490
6482
26244
26299
5568
6400
21878
16866
6052
19203
27635
12845
20790
13742
22296
32466
11495
30756
7619
4505
26179
17592
17589
31952
25995
18079
1499
4536
26327
15521
4233
21138
2947
22999
27512
6012
20642
27585
30656
3811
411
28514
3383
17512
7229
7613
122
532
3966
11625
23301
25672
16746
5970
13866
9514
5696
21577
15492
4597
7718
21121
19690
7032
4848
25196
12853
23735
29837
29074
17764
23680
24719
20312
17883
26132
20043
16988
16553
11142
3505
26645
24467
11926
11830
31009
26024
7881
20933
29416
31625
4552
5725
19015
15465
9583
8069
30198
30710
28057
1574
23942
11311
27960
10514
2093
152
3399
12470
13263
31758
4736
18234
20225
27942
30117
25274
12318
12106
11810
15922
21236
12815
7160
17002
28674
6117
24534
5771
10976
24764
3277
28789
7771
5679
31380
10154
8435
27234
21623
323
2235
15792
5871
19188
1383
18027
20585
16935
18082
16709
11776
6642
6521
24797
24531
7988
12844
9519
15241
19075
25432
25017
29534
21911
23332
13146
23553
130
4750
22850
4654
15085
11293
15045
4787
12936
32623
32730
23853
29659
14089
14460
27820
5589
1043
8415
8019
13535
22701
22086
7026
30834
14753
9457
28518
19957
16849
13076
2611
7248
1794
19136
6115
24856
4807
29661
26205
30208
12493
6533
29104
1824
29471
31395
25924
24748
32146
5099
11245
991
20275
22200
24153
23600
23594
26736
20154
5589
22960
29261
19122
30343
10189
16739
24796
5728
13740
14162
29406
3354
12137
21399
3863
19858
23734
28630
28522
21741
10326
18079
6486
5039
1970
27616
27973
24392
31673
19138
3827
5119
19492
30540
23548
14422
22313
31124
30976
7899
16541
3713
27967
22452
31123
18130
3887
31699
31204
30941
11883
11267
5997
4056
12981
5987
26867
26725
17141
4238
27918
16713
18267
12443
15970
13048
20442
8029
5070
17020
30687
22613
20828
31722
16534
14855
24019
28792
1645
2810
23953
24274
19100
22848
31740
4303
6366
16499
29063
2062
21080
16079
16290
10942
11370
28313
1495
26497
19082
27411
16014
7593
18601
2758
31449
26050
25269
28685
29969
23080
10161
32209
23334
13650
18447
32574
28565
14794
4123
2487
30535
1774
4492
11069
19501
8972
4854
2330
8609
1098
20295
29508
6900
9981
26975
27253
14878
6965
15760
18281
18033
15111
1285
17823
27855
10253
5673
7242
16105
24393
20954
30801
18061
32022
28062
19823
17061
28533
7449
31969
22510
20378
7973
18161
12384
8139
1034
14022
14072
30450
18395
9454
12991
13526
30144
13311
11584
27107
20075
25575
2866
12858
1162
13566
13295
9897
15930
1932
1186
10920
2098
7468
27277
23530
29479
11630
6369
26308
25904
21578
24190
16628
3317
22318
15311
21408
24910
26985
2898
23045
4932
30551
12903
9992
414
15117
30127
29389
30156
19877
12352
19992
14016
14016
6196
6793
17505
30007
8008
17102
32454
12079
19114
32533
28311
9849
22094
15299
8561
3711
24743
468
17067
9847
29514
4600
15584
22137
16665
28487
19135
20743
18502
5238
24470
1374
2058
23835
12533
17571
16003
8632
18364
9448
10866
13950
11211
8606
16605
3149
21583
9312
17667
1513
10516
27728
12793
21500
19304
9340
29835
22195
6380
13325
26867
13215
3684
27556
5342
10878
25805
2273
29297
2082
68
11651
9838
8683
22207
10851
964
26821
31592
3830
15858
23512
28302
26091
11024
21921
31945
32336
16964
9345
15524
26285
9641
1285
6971
22840
3869
30610
21056
477
145
26218
27305
2838
23047
7641
15576
18587
19275
14220
20260
30490
171
24484
7135
29617
3695
22310
976
29861
11238
10701
28172
26714
9061
24500
14592
27694
25762
1741
1535
26914
21443
11937
23479
26470
6701
15750
13073
8531
2573
26122
7634
21213
23758
6628
22675
7750
4784
28568
6191
16869
14989
8557
12479
2505
7949
18424
2487
31819
17443
22850
11153
20575
12566
21414
15331
26888
3479
14115
3240
757
12209
14816
16740
7466
24565
28171
5575
15896
14594
14952
10126
24953
3878
18002
24226
32253
29640
23120
16494
12808
19156
22358
24428
16690
15128
11812
28214
11914
8802
28878
27969
28833
3733
32602
8907
20170
19817
20783
26664
22782
19544
13121
30843
28165
16207
3552
31638
25587
1114
19433
16152
17568
4893
26397
8776
17826
17076
19783
7979
29619
9443
26709
12147
24248
17147
30505
9911
25940
2835
17529
2895
29898
4839
9834
7733
12274
29353
17173
12434
18878
24677
4169
14583
26075
16355
4016
2361
3953
146
6976
4464
23308
29861
12363
12545
22947
29930
17249
10539
27199
808
28165
18050
15416
16416
3256
1053
8281
19745
17592
8277
14529
16294
19316
21924
2408
15476
28154
27486
4651
32080
4429
32603
25114
9096
27483
15990
18746
1311
20578
30640
24803
23324
9565
4766
21349
19659
19513
17251
14725
1006
15885
31706
23313
27274
16025
15350
19868
22772
3323
28765
28379
5925
5193
26157
9236
11765
16951
20483
10331
966
24455
7954
3454
20397
4668
19642
24487
1087
17718
2586
20450
8223
29593
28154
15242
4369
3739
26277
2908
32702
7421
26232
27514
17339
16394
4330
5129
5919
9599
26724
15086
3835
6112
11355
16174
28173
17002
21470
13820
18050
4999
14287
13473
21750
8111
15742
19154
25159
13874
8907
24088
31982
8557
5018
8113
13663
1768
9131
25934
28288
15929
18678
19906
5163
8945
6326
463
24471
28280
11464
1958
21662
26573
19379
31108
21371
21979
20866
17897
29845
32504
20962
772
5061
30206
6369
3250
2433
12688
4899
4607
10943
28979
21076
5697
3363
32086
7573
23370
3924
3171
29573
11891
15773
11295
22945
24603
16670
14426
18465
5928
168
13187
28470
25394
410
15828
19220
16946
3010
29522
6147
31270
2550
31393
4162
27957
19012
15773
10280
26561
18146
8330
22347
15897
28975
22965
12736
15891
3497
4053
28189
22315
26512
15698
4895
23028
20589
12535
23383
16616
16570
1693
21642
22143
20631
1136
29385
31694
20141
19006
12681
14064
19684
9804
28670
15556
5667
2226
6720
8200
31706
11115
12091
28754
7654
2144
3939
15443
11680
26602
14677
8705
9107
8065
31823
21892
31625
25099
28605
31598
31410
26296
31627
1882
10420
21801
6317
10573
2536
1005
26919
13210
22008
4947
17406
3779
21928
8779
2937
17180
27263
22351
16624
28869
16882
10717
31107
7183
19848
9291
21133
20608
16806
32454
6253
14398
29712
23231
13999
18954
24718
16105
17590
11029
32689
30774
8544
17238
21378
9054
5735
20607
26739
4222
19797
4880
12368
685
21911
26927
18382
10008
9137
17748
16552
23185
4708
2629
27969
27696
20064
4251
22932
8522
9890
30943
12119
11023
9789
6068
26549
22848
4349
31214
7060
18422
28994
24943
32137
18624
20498
3446
27903
31054
2132
21217
15040
17392
26434
20705
8526
16336
31808
22010
8370
13335
21287
9604
14614
1570
18173
18959
11452
7805
15112
19414
26825
27351
27265
31339
7436
930
406
13864
14618
30459
38
31645
15495
21960
27779
3478
5004
31322
20736
29798
27214
17952
28632
23687
16262
10997
26437
4585
24591
2151
14091
15060
20487
8056
12335
6565
22326
17341
26794
31695
29858
17917
8934
22370
4959
21718
12958
21590
23389
19064
3238
30690
8013
9060
994
7137
2744
24567
24222
4053
29491
20640
25327
16530
17741
18924
17068
21548
5922
28757
30449
21234
9912
7633
3532
27926
32549
1921
19638
160
12477
28214
13897
1826
23279
7178
5592
21903
21294
29363
18899
25587
3450
29566
1881
27487
21589
17162
27665
52
29864
21496
31046
25790
12533
25133
13310
10118
22746
2012
7178
23737
12575
1126
21809
6189
23857
20358
1184
18885
21296
12137
13180
6561
22932
17332
4948
313
27410
724
13849
11663
17325
8061
18759
25656
8045
17881
18846
12525
9869
7677
2918
31668
4907
8548
14903
11504
22096
24514
30079
32563
32514
24262
22032
27312
26440
23497
8045
21305
19811
23373
9190
22181
6363
395
32563
28438
19824
3401
28931
4440
14929
23153
16050
19160
14521
14170
4940
5074
21667
16002
30533
1352
25547
13376
404
19775
29103
21331
31090
27894
17503
27153
12535
14138
18671
30599
23410
13158
6458
21994
31510
8563
9448
11952
20309
2827
3428
10117
19898
30790
31298
1270
13280
27385
3079
11783
3394
1723
3115
29467
9399
11252
18034
9519
18759
573
5569
17235
13182
11495
2296
2207
10056
3969
867
1675
10638
23611
23965
29046
31894
32718
22658
30823
26232
1743
378
5542
18559
18990
19864
23499
30275
11326
15530
16604
17845
1939
705
187
13310
1576
18516
3766
31428
27723
16716
3910
23541
28295
29877
10406
27362
20105
5132
23715
22212
7461
9711
3403
27413
26352
16310
32016
12265
2468
3667
5615
16174
3027
22622
16049
1475
28192
13128
18185
19388
22074
12639
25515
3923
7435
28572
3216
29332
28330
1426
28930
23988
22368
8264
2474
14209
3182
9256
22106
13930
7944
31335
584
25483
19246
15103
31699
27942
1529
18814
7585
14722
13135
2710
12492
17309
12823
4708
6288
20798
26933
20722
21387
26526
16143
11259
4766
18615
4720
10864
13066
2788
15987
29330
29884
1743
4479
19329
14782
27977
2854
3063
7024
2337
3367
5925
4139
1520
32387
27798
10197
15856
29978
7099
5203
23601
17313
9888
1439
15515
31671
14276
14601
14145
13184
15155
20260
17582
5970
3568
17105
19586
691
24154
1741
6750
16736
4358
18221
181
4060
26533
16902
6949
10017
6873
19978
2697
20862
26671
4129
27641
25278
17034
1373
11427
11506
23216
24800
11088
21175
8411
11483
224
32132
32639
7611
1951
25275
28591
31727
17712
21999
28192
7448
12700
6574
31103
6216
16042
7294
13436
16202
14896
15553
11475
21431
7024
23502
13515
10053
19129
30383
24316
7228
23572
11777
28357
29430
4135
1024
7998
10589
22914
32024
21190
908
1143
14542
32684
1191
5184
762
7726
31899
21323
28666
8201
14762
28784
32617
28963
20839
30869
270
26826
11179
1211
14536
27948
32591
16981
26914
26821
7794
25643
17553
15222
30494
3694
25196
21015
1506
26396
29044
12852
10411
32647
5517
27301
10931
31090
15201
26485
20710
18905
1687
24476
12007
31048
8761
23030
15364
13417
31771
2378
5708
1616
6724
2211
12593
3834
20853
25106
15134
19336
3707
22946
12236
2513
10893
8657
24547
25247
23185
6532
14597
31555
10037
3936
4866
7671
21859
25512
17875
14848
29695
9611
900
31979
12954
22151
22753
22418
28749
20565
13172
6345
29566
23538
3136
26669
31635
7749
26667
24590
17073
3603
4982
17645
18747
21743
16602
17114
10821
11244
6822
9309
5284
16489
14676
29622
12798
22996
29949
11894
32285
21171
26835
31463
2001
20889
21527
27031
19742
32418
20580
27034
10270
28174
25374
23144
5161
6042
11109
11752
5985
6634
28793
17367
323
3777
9408
28782
32446
1272
30565
15088
27902
15788
28954
31911
30603
31544
19801
5242
26258
11209
18743
18351
14341
22997
21005
27161
14840
28422
9731
20045
11953
4361
8362
32469
26049
6948
26732
15413
24213
13718
17651
27680
10525
20569
17485
15837
11333
31507
8006
20731
8924
7376
12431
12485
2109
31134
935
25276
21310
14965
3560
7824
10943
27170
25416
4388
25709
27495
22709
28196
13371
11139
18966
4563
16982
23434
27150
20724
117
4997
8536
18577
16383
